100001000010000100001000010001
010101110010011000100000101100
010011010100100001110011111011
010001010110110001111001011111
001110011011000010101101000101
001011100000010111000000101110
001001100100011111000110100101
001001000011111101101111000001
000111010111011110110110010101
000110110111110101101100001111
000110100001011011010011111110
000101101110000111110111011011
000101010111000111101101001111
000100110110100110001101111101
000100010010001101011000111010
000011110011101000001101010101
000011100111100100110111001100
000011011111101011000001111110
000011001110101111001111100011
000010110110100011010011000101
000010101011000111001011110111
000010011000000011100100000101
000010010001111101011011110011
000010001000110100011000000011
000001111101010011101100111010
000001110010110001100010101001
000001101101011010001011010101
